9707390 848 2694
9707395 846 2690
9707400 842 2682
9707405 837 2674
9707410 828 2664
9707415 818 2650
9707420 810 2636
9707430 792 2602
9707435 782 2582
9707440 774 2560
9707445 762 2538
9707450 751 2512
9707455 743 2484
9707460 730 2456
9707470 709 2394
9707475 696 2360
9707480 686 2324
9707485 675 2288
9707490 663 2248
9707495 652 2208
9707505 631 2124
9707510 621 2080
9707515 609 2034
9707520 598 1988
9707525 588 1940
9707530 578 1890
9707535 565 1840
9707540 557 1788
9707545 547 1736
9707550 537 1682
9707555 530 1626
9707560 522 1570
9707565 518 1514
9707570 515 1456
9707575 514 1398
9707580 517 1340
9707585 520 1280
9707590 527 1220
9707595 535 1160
9707600 542 1098
9707605 551 1038
9707610 557 976
9707615 566 914
9707620 573 850
9707625 583 788
9707630 592 726
9707635 604 662
9707640 615 600
9707645 625 536
9707650 636 474
9707655 649 412
9707660 661 350
9707665 671 288
9707670 678 226
9707675 681 164
9707680 688 104
9707685 693 44
9707690 700 -16
9707695 706 -76
9707700 713 -134
9707705 719 -192
9707710 725 -248
9707715 730 -304
9707720 737 -360
9707725 744 -414
9707730 750 -466
9707735 755 -518
9707740 760 -570
9707745 767 -620
9707750 773 -668
9707755 779 -716
9707760 783 -762
9707765 788 -808
9707770 793 -850
9707775 798 -892
9707780 804 -934
9707785 808 -972
9707790 813 -1010
9707795 818 -1046
9707800 822 -1080
9707805 824 -1114
9707810 828 -1144
9707815 831 -1174
9707820 835 -1202
9707825 839 -1228
9707830 841 -1252
9707835 842 -1274
9707840 849 -1294
9707845 851 -1314
9707850 852 -1330
9707855 854 -1346
9707860 856 -1358
9707865 858 -1370
9707870 859 -1380
9707875 860 -1386
9707880 862 -1392
9707885 862 -1396
9707890 863 -1398
9707895 864 -1398
9707900 865 -1396
9707905 865 -1392
9707910 866 -1386
9707915 865 -1378
9707920 864 -1368
9707925 864 -1356
9707930 862 -1342
9707935 861 -1328
9707940 859 -1310
9707945 858 -1290
9707950 857 -1270
9707955 855 -1246
9707960 853 -1222
9707965 850 -1196
9707970 848 -1168
9707975 845 -1138
9707980 843 -1106
9707985 839 -1074
9707990 836 -1038
9707995 831 -1002
9708000 829 -964
9708005 825 -926
9708010 822 -884
9708015 817 -842
9708020 813 -798
9708025 809 -754
9708030 804 -706
9708035 799 -658
9708040 794 -610
9708045 788 -560
9708050 783 -508
9708055 779 -456
9708060 773 -402
9708065 767 -348
9708070 761 -294
9708075 756 -236
9708080 749 -180
9708085 744 -122
9708090 738 -64
9708095 731 -4
9708100 726 56
9708105 720 116
9708110 714 176
9708115 707 238
9708120 701 300
9708125 696 362
9708130 689 424
9708135 684 486
9708140 678 550
9708145 671 612
9708150 663 676
9708155 658 738
9708160 651 800
9708165 646 864
9708170 639 926
9708175 633 988
9708180 626 1050
9708185 620 1110
9708190 622 1172
9708195 607 1232
9708200 602 1292
9708205 596 1352
9708210 590 1410
9708215 585 1468
9708220 579 1526
9708225 575 1582
9708230 567 1638
9708235 563 1692
9708240 557 1746
9708245 552 1798
9708250 547 1850
9708255 542 1900
9708260 536 1950
9708265 532 1998
9708270 526 2044
9708275 523 2090
9708280 519 2134
9708285 515 2176
9708290 511 2218
9708295 506 2256
9708300 502 2294
9708305 499 2332
9708310 495 2366
9708315 492 2400
9708320 489 2432
9708325 485 2462
9708330 483 2490
9708335 480 2518
9708340 477 2542
9708345 474 2566
9708350 472 2586
9708355 470 2606
9708360 467 2624
9708365 466 2640
9708370 464 2654
9708375 463 2666
9708380 461 2676
9708385 460 2684
9708390 458 2690
9708395 459 2694
9708400 458 -1398
9708405 457 -1398
9708410 461 2696
9708415 466 2694
9708420 466 2688
9708425 466 2682
9708430 464 2672
9708435 460 2662
9708440 458 2648
9708445 459 2634
9708450 460 2616
9708455 459 2598
9708460 461 2578
9708465 461 2556
9708470 463 2532
9708475 465 2506
9708480 468 2480
9708485 470 2450
9708490 472 2420
9708495 474 2386
9708500 477 2352
9708505 480 2318
9708510 483 2280
9708515 486 2242
9708520 490 2200
9708525 494 2160
9708530 498 2116
9708535 500 2072
9708540 504 2026
9708545 508 1978
9708550 513 1930
9708555 517 1880
9708560 521 1830
9708565 527 1778
9708570 531 1724
9708575 536 1670
9708580 541 1616
9708585 546 1560
9708590 551 1502
9708595 557 1446
9708600 562 1388
9708605 566 1328
9708610 572 1268
9708615 578 1208
9708620 584 1148
9708625 589 1086
9708630 595 1024
9708635 601 962
9708640 608 900
9708645 613 838
9708650 620 776
9708655 625 712
9708660 631 650
9708665 638 588
9708670 645 524
9708675 651 462
9708680 657 400
9708685 664 338
9708690 670 276
9708695 678 214
9708700 682 152
9708705 688 92
9708710 695 32
9708715 701 -28
9708720 709 -88
9708725 714 -146
9708730 719 -202
9708735 725 -260
9708740 730 -316
9708745 738 -370
9708750 744 -424
9708755 750 -478
9708760 754 -530
9708765 761 -580
9708770 767 -630
9708775 773 -678
9708780 778 -726
9708785 782 -772
9708790 788 -816
9708795 793 -860
9708800 798 -900
9708805 803 -942
9708810 807 -980
9708815 811 -1018
9708820 816 -1052
9708825 821 -1086
9708830 825 -1120
9708835 829 -1150
9708840 832 -1180
9708845 835 -1206
9708850 838 -1232
9708855 841 -1256
9708860 843 -1278
9708865 847 -1298
9708870 848 -1316
9708875 847 -1334
9708880 854 -1348
9708885 856 -1362
9708890 858 -1372
9708895 859 -1382
9708900 860 -1388
9708905 862 -1394
9708910 863 -1396
9708915 864 -1398
9708920 864 -1398
9708925 865 -1394
9708930 865 -1390
9708935 865 -1384
9708940 865 -1376
9708945 864 -1366
9708950 864 -1354
9708955 862 -1340
9708960 860 -1324
9708965 859 -1306
9708970 858 -1286
9708975 856 -1266
9708980 854 -1242
9708985 852 -1218
9708990 850 -1190
9708995 847 -1162
9709000 845 -1132
9709005 841 -1100
9709010 839 -1066
9709015 836 -1032
9709020 831 -994
9709025 828 -956
9709030 824 -918
9709035 820 -876
9709040 816 -834
9709045 812 -790
9709050 808 -744
9709055 803 -698
9709060 798 -650
9709065 793 -600
9709070 787 -550
9709075 783 -498
9709080 779 -446
9709085 772 -392
9709090 766 -338
9709095 762 -282
9709100 754 -226
9709105 750 -168
9709110 742 -110
9709115 737 -52
9709120 731 8
9709125 726 68
9709130 718 128
9709135 713 190
9709140 707 250
9709145 701 312
9709150 695 374
9709155 688 436
9709160 682 500
9709165 676 562
9709170 670 624
9709175 664 688
9709180 656 750
9709185 650 814
9709190 644 876
9709195 637 938
9709200 631 1000
9709205 625 1062
9709210 619 1124
9709215 613 1184
9709220 607 1244
9709225 602 1304
9709230 596 1364
9709235 588 1422
9709240 584 1480
9709245 577 1536
9709250 572 1594
9709255 567 1648
9709260 560 1702
9709265 555 1756
9709270 551 1808
9709274 547 1860
9709279 542 1910
9709284 537 1958
9709289 532 2006
9709294 528 2054
9709299 523 2098
9709304 517 2142
9709309 513 2184
9709314 509 2226
9709319 505 2264
9709324 501 2302
9709329 498 2338
9709334 493 2374
9709339 491 2406
9709344 487 2438
9709349 484 2468
9709354 482 2496
9709359 478 2522
9709364 475 2546
9709369 473 2570
9709374 471 2590
9709379 469 2610
9709384 466 2628
9709389 465 2642
9709394 462 2656
9709399 461 2668
9709404 459 2678
9709409 458 2686
9709414 456 2692
9709419 455 2696
9709424 456 -1398
9709429 455 -1398
9709434 459 2696
9709439 466 2692
9709444 465 2686
9709449 463 2680
9709454 458 2670
9709459 459 2658
9709464 457 2646
9709469 456 2630
9709474 457 2614
9709479 458 2594
9709484 459 2574
9709489 462 2552
9709494 463 2528
9709499 466 2502
9709504 468 2474
9709509 470 2444
9709514 472 2414
9709519 474 2380
9709524 477 2346
9709529 479 2310
9709534 483 2272
9709539 487 2234
9709544 491 2192
9709549 495 2150
9709554 498 2108
9709559 502 2062
9709564 505 2016
9709569 508 1968
9709574 512 1920
9709579 518 1870
9709584 522 1818
9709589 527 1766
9709594 531 1714
9709599 537 1660
9709604 542 1604
9709609 546 1548
9709614 553 1492
9709619 558 1434
9709624 562 1376
9709629 569 1316
9709634 573 1256
9709639 579 1196
9709644 585 1136
9709649 591 1074
9709654 597 1012
9709659 601 950
9709664 607 888
9709669 614 826
9709674 620 764
9709679 627 700
9709684 632 638
9709689 639 574
9709694 645 512
9709699 653 450
9709704 659 386
9709709 665 324
9709714 671 262
9709719 678 202
9709724 684 140
9709729 690 80
9709734 696 20
9709739 702 -40
9709744 709 -98
9709749 714 -156
9709754 721 -214
9709759 727 -270
9709764 731 -326
9709769 739 -382
9709774 745 -436
9709779 751 -488
9709784 756 -540
9709789 763 -590
9709794 768 -640
9709799 773 -688
9709804 779 -734
9709809 785 -780
9709814 790 -824
9709819 795 -868
9709824 799 -908
9709829 804 -948
9709834 809 -988
9709839 813 -1024
9709844 819 -1060
9709849 822 -1094
9709854 825 -1126
9709859 829 -1156
9709864 833 -1184
9709869 836 -1212
9709874 839 -1238
9709879 843 -1260
9709884 846 -1282
9709889 849 -1302
9709894 851 -1320
9709899 853 -1336
9709904 856 -1350
9709909 857 -1364
9709914 859 -1374
9709919 859 -1382
9709924 862 -1390
9709929 863 -1394
9709934 863 -1398
9709939 864 -1398
9709944 865 -1398
9709949 865 -1394
9709954 865 -1390
9709959 865 -1382
9709964 865 -1374
9709969 865 -1364
9709974 864 -1350
9709979 863 -1336
9709984 862 -1320
9709989 860 -1302
9709994 859 -1282
9709999 858 -1260
9710004 855 -1238
9710009 852 -1212
9710014 851 -1184
9710019 849 -1156
9710024 845 -1126
9710029 842 -1094
9710034 839 -1060
9710039 834 -1024
9710044 831 -988
9710049 828 -948
9710054 824 -908
9710059 819 -868
9710064 814 -824
9710069 810 -780
9710074 806 -734
9710079 801 -688
9710084 796 -640
9710089 792 -590
9710094 787 -540
9710099 783 -488
9710104 777 -436
9710109 771 -382
9710114 765 -326
9710119 759 -270
9710124 754 -214
9710129 749 -156
9710134 742 -98
9710139 736 -40
9710144 730 20
9710149 724 80
9710154 718 140
9710159 712 202
9710164 705 262
9710169 700 324
9710174 693 386
9710179 687 450
9710184 681 512
9710189 674 574
9710194 668 638
9710199 662 700
9710204 655 764
9710209 649 826
9710214 642 888
9710219 636 950
9710224 631 1012
9710229 624 1074
9710234 618 1136
9710239 611 1196
9710244 605 1256
9710249 600 1316
9710254 594 1376
9710259 588 1434
9710264 582 1492
9710269 576 1548
9710274 571 1604
9710279 566 1660
9710284 560 1714
9710289 555 1766
9710294 551 1818
9710299 545 1870
9710304 540 1920
9710309 535 1968
9710314 530 2016
9710319 525 2062
9710324 521 2108
9710329 516 2150
9710334 512 2192
9710339 508 2234
9710344 505 2272
9710349 501 2310
9710354 497 2346
9710359 493 2380
9710364 489 2414
9710369 487 2444
9710374 483 2474
9710379 480 2502
9710384 477 2528
9710389 475 2552
9710394 472 2574
9710399 470 2594
9710404 468 2614
9710409 466 2630
9710414 464 2646
9710419 462 2658
9710424 460 2670
9710429 459 2680
9710434 458 2686
9710439 457 2692
9710444 456 2696
9710449 456 -1398
9710454 456 -1398
9710459 459 2696
9710464 464 2692
9710469 464 2686
9710474 461 2678
9710479 456 2668
9710484 457 2656
9710489 456 2642
9710494 457 2628
9710499 457 2610
9710504 459 2590
9710509 460 2570
9710514 462 2546
9710519 464 2522
9710524 466 2496
9710529 469 2468
9710534 471 2438
9710539 474 2406
9710544 476 2374
9710549 479 2338
9710554 482 2302
9710559 483 2264
9710564 488 2226
9710569 492 2184
9710574 495 2142
9710579 498 2098
9710584 502 2054
9710589 506 2006
9710594 510 1958
9710599 516 1910
9710604 519 1860
9710609 523 1808
9710614 528 1756
9710619 533 1702
9710624 539 1648
9710629 543 1594
9710634 548 1536
9710639 553 1480
9710644 558 1422
9710649 565 1364
9710654 569 1304
9710659 573 1244
9710664 580 1184
9710669 586 1124
9710674 592 1062
9710679 598 1000
9710684 604 938
9710689 609 876
9710694 616 814
9710699 622 750
9710704 629 688
9710709 634 624
9710714 640 562
9710719 647 500
9710724 654 436
9710729 659 374
9710734 666 312
9710739 673 250
9710744 679 190
9710749 685 128
9710754 692 68
9710759 697 8
9710764 704 -52
9710769 711 -110
9710774 716 -168
9710779 722 -226
9710784 728 -282
9710789 733 -338
9710794 740 -392
9710799 747 -446
9710804 751 -498
9710809 758 -550
9710814 764 -600
9710819 768 -650
9710824 774 -698
9710829 780 -744
9710834 786 -790
9710839 791 -834
9710844 795 -876
9710849 800 -918
9710854 805 -956
9710859 810 -994
9710864 816 -1032
9710869 819 -1066
9710874 822 -1100
9710879 826 -1132
9710884 830 -1162
9710889 833 -1190
9710894 837 -1218
9710899 840 -1242
9710904 843 -1266
9710909 847 -1286
9710914 849 -1306
9710919 852 -1324
9710924 853 -1340
9710929 856 -1354
9710934 857 -1366
9710939 858 -1376
9710944 859 -1384
9710949 862 -1390
9710954 862 -1394
9710959 863 -1398
9710964 864 -1398
9710969 865 -1396
9710974 865 -1394
9710979 865 -1388
9710984 866 -1382
9710989 865 -1372
9710994 865 -1362
9710999 863 -1348
9711004 862 -1334
9711009 860 -1316
9711014 858 -1298
9711019 857 -1278
9711024 855 -1256
9711029 853 -1232
9711034 851 -1206
9711039 849 -1180
9711044 846 -1150
9711049 843 -1120
9711054 840 -1086
9711059 837 -1052
9711064 834 -1018
9711069 830 -980
9711074 827 -942
9711079 823 -900
9711084 818 -860
9711089 812 -816
9711094 810 -772
9711099 805 -726
9711104 801 -678
9711109 795 -630
9711114 791 -580
9711119 786 -530
9711124 780 -478
9711129 774 -424
9711134 770 -370
9711139 765 -316
9711144 758 -260
9711149 752 -202
9711154 747 -146
9711159 740 -88
9711164 734 -28
9711169 729 32
9711174 723 92
9711179 717 152
9711184 711 214
9711189 704 276
9711194 698 338
9711199 692 400
9711204 685 462
9711209 680 524
9711214 674 588
9711219 667 650
9711224 660 712
9711229 654 776
9711234 647 838
9711239 642 900
9711244 635 962
9711249 629 1024
9711254 622 1086
9711259 616 1148
9711264 610 1208
9711269 604 1268
9711274 597 1328
9711279 592 1388
9711284 587 1446
9711289 581 1502
9711294 576 1560
9711299 569 1616
9711304 564 1670
9711309 558 1724
9711314 554 1778
9711319 550 1830
9711324 545 1880
9711329 538 1930
9711334 533 1978
9711339 529 2026
9711344 524 2072
9711349 520 2116
9711354 515 2160
9711359 511 2200
9711364 507 2242
9711369 505 2280
9711374 500 2318
9711379 496 2352
9711384 492 2386
9711389 489 2420
9711394 485 2450
9711399 482 2480
9711404 480 2506
9711409 476 2532
9711414 474 2556
9711419 472 2578
9711424 470 2598
9711429 468 2616
9711434 465 2634
9711439 463 2648
9711444 463 2662
9711449 461 2672
9711454 460 2682
9711459 459 2688
9711464 457 2694
9711469 455 2696
9711474 456 -1398
9711479 455 -1398
9711484 458 2694
9711489 464 2690
9711494 465 2684
9711499 461 2676
9711504 457 2666
9711509 457 2654
9711514 457 2640
9711519 458 2624
9711524 459 2606
9711529 459 2586
9711534 460 2566
9711539 462 2542
9711544 464 2518
9711549 467 2490
9711554 469 2462
9711559 471 2432
9711564 475 2400
9711569 477 2366
9711574 479 2332
9711579 483 2294
9711584 486 2256
9711589 489 2218
9711594 493 2176
9711599 496 2134
9711604 499 2090
9711609 503 2044
9711614 508 1998
9711619 511 1950
9711624 517 1900
9711629 519 1850
9711634 525 1798
9711639 529 1746
9711644 535 1692
9711649 539 1638
9711654 544 1582
9711659 549 1526
9711664 554 1468
9711669 560 1410
9711674 566 1352
9711679 570 1292
9711684 574 1232
9711689 581 1172
9711694 587 1110
9711699 593 1050
9711704 599 988
9711709 606 926
9711714 610 864
9711719 617 800
9711724 624 738
9711729 630 676
9711734 636 612
9711739 642 550
9711744 650 486
9711749 656 424
9711754 661 362
9711759 667 300
9711764 675 238
9711769 681 176
9711774 688 116
9711779 693 56
9711784 698 -4
9711789 705 -64
9711794 712 -122
9711799 718 -180
9711804 724 -236
9711809 729 -294
9711814 735 -348
9711819 741 -402
9711824 749 -456
9711829 753 -508
9711834 759 -560
9711839 765 -610
9711844 773 -658
9711849 777 -706
9711854 782 -754
9711859 787 -798
9711864 793 -842
9711869 796 -884
9711874 802 -926
9711879 806 -964
9711884 812 -1002
9711889 816 -1038
9711894 819 -1074
9711899 824 -1106
9711904 827 -1138
9711909 830 -1168
9711914 834 -1196
9711919 838 -1222
9711924 840 -1246
9711929 844 -1270
9711934 848 -1290
9711939 850 -1310
9711944 853 -1328
9711949 855 -1342
9711954 857 -1356
9711959 858 -1368
9711964 860 -1378
9711969 862 -1386
9711974 864 -1392
9711979 865 -1396
9711984 867 -1398
9711989 867 -1398
9711994 868 -1396
9711999 868 -1392
9712004 868 -1386
9712009 868 -1380
9712014 867 -1370
9712019 867 -1358
9712024 866 -1346
9712029 863 -1330
9712034 862 -1314
9712039 861 -1294
9712044 858 -1274
9712049 854 -1252
9712054 853 -1228
9712059 851 -1202
9712064 849 -1174
9712069 846 -1144
9712074 842 -1114
9712079 839 -1080
9712084 837 -1046
9712089 831 -1010
9712094 830 -972
9712099 827 -934
9712104 822 -892
9712109 818 -850
9712114 813 -808
9712119 809 -762
9712124 804 -716
9712129 801 -668
9712134 796 -620
9712139 790 -570
9712144 785 -518
9712149 780 -466
9712154 774 -414
9712159 769 -360
9712164 765 -304
9712169 758 -248
9712174 752 -192
9712179 745 -134
9712184 739 -76
9712189 734 -16
9712194 729 44
9712199 722 104
9712204 715 164
9712209 709 226
9712214 703 288
9712219 699 350
9712224 691 412
9712229 684 474
9712234 678 536
9712239 672 600
9712244 667 662
9712249 659 726
9712254 651 788
9712259 646 850
9712264 640 914
9712269 634 976
9712274 628 1038
9712279 621 1098
9712284 615 1160
9712289 610 1220
9712294 604 1280
9712299 597 1340
9712304 591 1398
9712309 586 1456
9712314 580 1514
9712319 575 1570
9712324 569 1626
9712329 563 1682
9712334 557 1736
9712339 553 1788
9712344 549 1840
9712349 543 1890
9712354 538 1940
9712359 533 1988
9712364 528 2034
9712369 524 2080
9712374 519 2124
9712379 514 2168
9712384 511 2208
9712389 506 2248
9712394 503 2288
9712399 499 2324
9712404 495 2360
9712409 491 2394
9712414 488 2426
9712419 484 2456
9712424 481 2484
9712429 478 2512
9712434 476 2538
9712439 474 2560
9712444 472 2582
9712449 469 2602
9712454 468 2620
9712459 466 2636
9712464 463 2650
9712469 463 2664
9712474 460 2674
9712479 459 2682
9712484 458 2690
9712489 457 2694
9712494 456 -1398
9712499 455 -1398
9712504 459 -1398
9712509 464 2694
9712514 472 2690
9712519 474 2682
9712524 474 2674
9712529 473 2664
9712534 466 2650
9712539 462 2636
9712544 460 2620
9712549 461 2602
9712554 460 2582
9712559 460 2560
9712564 462 2538
9712569 465 2512
9712574 466 2484
9712579 469 2456
9712584 471 2426
9712589 475 2394
9712594 477 2360
9712599 479 2324
9712604 482 2288
9712609 485 2248
9712614 489 2208
9712619 493 2168
9712624 498 2124
9712629 501 2080
9712634 505 2034
9712639 508 1988
9712644 512 1940
9712649 516 1890
9712654 520 1840
9712659 525 1788
9712664 530 1736
9712669 535 1682
9712674 540 1626
9712679 545 1570
9712684 550 1514
9712689 556 1456
9712694 562 1398
9712699 567 1340
9712704 571 1280
9712709 576 1220
9712714 583 1160
9712719 588 1098
9712724 596 1038
9712729 601 976
9712734 606 914
9712739 612 850
9712744 618 788
9712749 625 726
9712754 631 662
9712759 637 600
9712764 644 536
9712769 650 474
9712774 656 412
9712779 663 350
9712784 669 288
9712789 675 226
9712794 682 164
9712799 688 104
9712804 694 44
9712809 699 -16
9712814 707 -76
9712819 713 -134
9712824 719 -192
9712829 725 -248
9712834 730 -304
9712839 736 -360
9712844 743 -414
9712849 749 -466
9712854 755 -518
9712859 759 -570
9712864 767 -620
9712869 773 -668
9712874 777 -716
9712879 782 -762
9712884 787 -808
9712889 792 -850
9712894 798 -892
9712899 802 -934
9712904 807 -972
9712909 812 -1010
9712914 816 -1046
9712919 820 -1080
9712924 824 -1114
9712929 828 -1144
9712934 830 -1174
9712939 834 -1202
9712944 838 -1228
9712949 840 -1252
9712954 845 -1274
9712959 848 -1294
9712964 849 -1314
9712969 852 -1330
9712974 854 -1346
9712979 857 -1358
9712984 858 -1370
9712989 859 -1380
9712994 861 -1386
9712999 862 -1392
9713004 864 -1396
9713009 865 -1398
9713014 865 -1398
9713019 865 -1396
9713024 866 -1392
9713029 866 -1386
9713034 866 -1378
9713039 865 -1368
9713044 865 -1356
9713049 864 -1342
9713054 862 -1328
9713059 860 -1310
9713064 859 -1290
9713069 858 -1270
9713074 855 -1246
9713079 854 -1222
9713084 851 -1196
9713089 849 -1168
9713094 845 -1138
9713099 843 -1106
9713104 839 -1074
9713109 836 -1038
9713114 833 -1002
9713119 829 -964
9713124 825 -926
9713129 822 -884
9713134 818 -842
9713139 814 -798
9713144 809 -754
9713149 805 -706
9713154 800 -658
9713159 795 -610
9713164 789 -560
9713169 783 -508
9713174 779 -456
9713179 774 -402
9713184 768 -348
9713189 763 -294
9713194 756 -236
9713199 750 -180
9713204 744 -122
9713209 738 -64
9713214 732 -4
9713219 726 56
9713224 721 116
9713229 713 176
9713234 707 238
9713239 702 300
9713244 697 362
9713249 690 424
9713254 683 486
9713259 676 550
9713264 672 612
9713269 665 676
9713274 658 738
9713279 650 800
9713284 645 864
9713289 639 926
9713294 633 988
9713299 626 1050
9713304 620 1110
9713309 614 1172
9713314 609 1232
9713319 603 1292
9713324 596 1352
9713329 589 1410
9713334 585 1468
9713339 580 1526
9713344 575 1582
9713349 568 1638
9713354 562 1692
9713359 557 1746
9713364 552 1798
9713369 548 1850
9713374 541 1900
9713379 536 1950
9713384 532 1998
9713389 527 2044
9713394 523 2090
9713399 517 2134
9713404 513 2176
9713409 510 2218
9713414 505 2256
971341